(kicad_pcb (version 20170123) (host pcbnew no-vcs-found-7683~57~ubuntu14.04.1)

  (general
    (links 426)
    (no_connects 16)
    (area -306.050001 0.599999 278.072469 245.300001)
    (thickness 1.6)
    (drawings 735)
    (tracks 2029)
    (zones 0)
    (modules 164)
    (nets 104)
  )

  (page A3)
  (layers
    (0 F.Cu signal hide)
    (31 B.Cu signal hide)
    (32 B.Adhes user)
    (33 F.Adhes user)
    (34 B.Paste user hide)
    (35 F.Paste user hide)
    (36 B.SilkS user)
    (37 F.SilkS user)
    (38 B.Mask user hide)
    (39 F.Mask user hide)
    (40 Dwgs.User user hide)
    (41 Cmts.User user)
    (42 Eco1.User user hide)
    (43 Eco2.User user hide)
    (44 Edge.Cuts user)
    (45 Margin user hide)
    (46 B.CrtYd user hide)
    (47 F.CrtYd user hide)
    (48 B.Fab user hide)
    (49 F.Fab user hide)
  )

  (setup
    (last_trace_width 0.25)
    (trace_clearance 0.2)
    (zone_clearance 0.508)
    (zone_45_only no)
    (trace_min 0.2)
    (segment_width 0.2)
    (edge_width 0.2)
    (via_size 0.6)
    (via_drill 0.4)
    (via_min_size 0.4)
    (via_min_drill 0.3)
    (uvia_size 0.3)
    (uvia_drill 0.1)
    (uvias_allowed no)
    (uvia_min_size 0.2)
    (uvia_min_drill 0.1)
    (pcb_text_width 0.3)
    (pcb_text_size 1.5 1.5)
    (mod_edge_width 0.15)
    (mod_text_size 1 1)
    (mod_text_width 0.15)
    (pad_size 0.6 0.6)
    (pad_drill 0.3)
    (pad_to_mask_clearance 0)
    (aux_axis_origin 0 0)
    (visible_elements FFFEE7BF)
    (pcbplotparams
      (layerselection 0x010f0_ffffffff)
      (usegerberextensions false)
      (excludeedgelayer true)
      (linewidth 0.100000)
      (plotframeref false)
      (viasonmask false)
      (mode 1)
      (useauxorigin false)
      (hpglpennumber 1)
      (hpglpenspeed 20)
      (hpglpendiameter 15)
      (psnegative false)
      (psa4output false)
      (plotreference true)
      (plotvalue true)
      (plotinvisibletext false)
      (padsonsilk false)
      (subtractmaskfromsilk false)
      (outputformat 1)
      (mirror false)
      (drillshape 0)
      (scaleselection 1)
      (outputdirectory fab/))
  )

  (net 0 "")
  (net 1 Earth)
  (net 2 +5V)
  (net 3 "Net-(C3-Pad1)")
  (net 4 "Net-(D1-Pad2)")
  (net 5 "Net-(D2-Pad2)")
  (net 6 "Net-(D3-Pad2)")
  (net 7 "Net-(D4-Pad2)")
  (net 8 "Net-(D5-Pad2)")
  (net 9 "Net-(D6-Pad2)")
  (net 10 "Net-(D7-Pad2)")
  (net 11 "Net-(D8-Pad2)")
  (net 12 "Net-(D9-Pad2)")
  (net 13 "Net-(D10-Pad2)")
  (net 14 "Net-(D11-Pad2)")
  (net 15 "Net-(D12-Pad2)")
  (net 16 "Net-(D13-Pad2)")
  (net 17 "Net-(D14-Pad2)")
  (net 18 "Net-(D23-Pad2)")
  (net 19 "Net-(D24-Pad2)")
  (net 20 "Net-(D25-Pad2)")
  (net 21 "Net-(D26-Pad2)")
  (net 22 "Net-(D27-Pad2)")
  (net 23 "Net-(D28-Pad2)")
  (net 24 "Net-(D29-Pad2)")
  (net 25 "Net-(D30-Pad2)")
  (net 26 "Net-(D31-Pad2)")
  (net 27 "Net-(D32-Pad2)")
  (net 28 "Net-(D33-Pad2)")
  (net 29 "Net-(D34-Pad2)")
  (net 30 "Net-(D35-Pad2)")
  (net 31 "Net-(D36-Pad2)")
  (net 32 "Net-(led1-Pad2)")
  (net 33 "Net-(led11-Pad2)")
  (net 34 "Net-(led10-Pad4)")
  (net 35 /sck)
  (net 36 /mosi)
  (net 37 /reset)
  (net 38 "Net-(R2-Pad1)")
  (net 39 "Net-(R3-Pad1)")
  (net 40 "Net-(U1-Pad16)")
  (net 41 "Net-(U1-Pad17)")
  (net 42 "Net-(P1-Pad2)")
  (net 43 "Net-(P1-Pad3)")
  (net 44 /col3)
  (net 45 /col4)
  (net 46 /col5)
  (net 47 /col6)
  (net 48 /col1)
  (net 49 /col7)
  (net 50 /col2)
  (net 51 /row1)
  (net 52 /row2)
  (net 53 /row3)
  (net 54 /row4)
  (net 55 /ws2812-out)
  (net 56 /l-ws2812-out)
  (net 57 /l-col2)
  (net 58 /l-col7)
  (net 59 /l-col1)
  (net 60 /l-col6)
  (net 61 /l-row4)
  (net 62 /l-col5)
  (net 63 /l-row3)
  (net 64 /l-col4)
  (net 65 /l-row2)
  (net 66 /l-col3)
  (net 67 /l-row1)
  (net 68 /ws2812)
  (net 69 /col14)
  (net 70 /col8)
  (net 71 /col9)
  (net 72 /col10)
  (net 73 /col11)
  (net 74 /col12)
  (net 75 "Net-(D45-Pad2)")
  (net 76 "Net-(D46-Pad2)")
  (net 77 "Net-(led2-Pad2)")
  (net 78 "Net-(led3-Pad2)")
  (net 79 "Net-(led4-Pad2)")
  (net 80 "Net-(led5-Pad2)")
  (net 81 "Net-(led6-Pad2)")
  (net 82 "Net-(led7-Pad2)")
  (net 83 "Net-(led10-Pad2)")
  (net 84 "Net-(led12-Pad2)")
  (net 85 "Net-(led13-Pad2)")
  (net 86 "Net-(led14-Pad2)")
  (net 87 "Net-(led15-Pad2)")
  (net 88 "Net-(P1-Pad6)")
  (net 89 /col13)
  (net 90 "/right keys/thumb/row1")
  (net 91 "Net-(D15-Pad2)")
  (net 92 "Net-(D16-Pad2)")
  (net 93 "/right keys/thumb/row2")
  (net 94 "/right keys/thumb/row3")
  (net 95 "Net-(D17-Pad2)")
  (net 96 "Net-(D18-Pad2)")
  (net 97 "/right keys/thumb/row4")
  (net 98 "Net-(D19-Pad2)")
  (net 99 "Net-(D20-Pad2)")
  (net 100 "Net-(D21-Pad2)")
  (net 101 "Net-(D22-Pad2)")
  (net 102 "/right keys/thumb/col1")
  (net 103 "/right keys/thumb/col2")

  (net_class Default "This is the default net class."
    (clearance 0.2)
    (trace_width 0.25)
    (via_dia 0.6)
    (via_drill 0.4)
    (uvia_dia 0.3)
    (uvia_drill 0.1)
    (add_net /col1)
    (add_net /col10)
    (add_net /col11)
    (add_net /col12)
    (add_net /col13)
    (add_net /col14)
    (add_net /col2)
    (add_net /col3)
    (add_net /col4)
    (add_net /col5)
    (add_net /col6)
    (add_net /col7)
    (add_net /col8)
    (add_net /col9)
    (add_net /l-col1)
    (add_net /l-col2)
    (add_net /l-col3)
    (add_net /l-col4)
    (add_net /l-col5)
    (add_net /l-col6)
    (add_net /l-col7)
    (add_net /l-row1)
    (add_net /l-row2)
    (add_net /l-row3)
    (add_net /l-row4)
    (add_net /l-ws2812-out)
    (add_net /mosi)
    (add_net /reset)
    (add_net "/right keys/thumb/col1")
    (add_net "/right keys/thumb/col2")
    (add_net "/right keys/thumb/row1")
    (add_net "/right keys/thumb/row2")
    (add_net "/right keys/thumb/row3")
    (add_net "/right keys/thumb/row4")
    (add_net /row1)
    (add_net /row2)
    (add_net /row3)
    (add_net /row4)
    (add_net /sck)
    (add_net /ws2812)
    (add_net /ws2812-out)
    (add_net "Net-(C3-Pad1)")
    (add_net "Net-(D1-Pad2)")
    (add_net "Net-(D10-Pad2)")
    (add_net "Net-(D11-Pad2)")
    (add_net "Net-(D12-Pad2)")
    (add_net "Net-(D13-Pad2)")
    (add_net "Net-(D14-Pad2)")
    (add_net "Net-(D15-Pad2)")
    (add_net "Net-(D16-Pad2)")
    (add_net "Net-(D17-Pad2)")
    (add_net "Net-(D18-Pad2)")
    (add_net "Net-(D19-Pad2)")
    (add_net "Net-(D2-Pad2)")
    (add_net "Net-(D20-Pad2)")
    (add_net "Net-(D21-Pad2)")
    (add_net "Net-(D22-Pad2)")
    (add_net "Net-(D23-Pad2)")
    (add_net "Net-(D24-Pad2)")
    (add_net "Net-(D25-Pad2)")
    (add_net "Net-(D26-Pad2)")
    (add_net "Net-(D27-Pad2)")
    (add_net "Net-(D28-Pad2)")
    (add_net "Net-(D29-Pad2)")
    (add_net "Net-(D3-Pad2)")
    (add_net "Net-(D30-Pad2)")
    (add_net "Net-(D31-Pad2)")
    (add_net "Net-(D32-Pad2)")
    (add_net "Net-(D33-Pad2)")
    (add_net "Net-(D34-Pad2)")
    (add_net "Net-(D35-Pad2)")
    (add_net "Net-(D36-Pad2)")
    (add_net "Net-(D4-Pad2)")
    (add_net "Net-(D45-Pad2)")
    (add_net "Net-(D46-Pad2)")
    (add_net "Net-(D5-Pad2)")
    (add_net "Net-(D6-Pad2)")
    (add_net "Net-(D7-Pad2)")
    (add_net "Net-(D8-Pad2)")
    (add_net "Net-(D9-Pad2)")
    (add_net "Net-(P1-Pad2)")
    (add_net "Net-(P1-Pad3)")
    (add_net "Net-(P1-Pad6)")
    (add_net "Net-(R2-Pad1)")
    (add_net "Net-(R3-Pad1)")
    (add_net "Net-(U1-Pad16)")
    (add_net "Net-(U1-Pad17)")
    (add_net "Net-(led1-Pad2)")
    (add_net "Net-(led10-Pad2)")
    (add_net "Net-(led10-Pad4)")
    (add_net "Net-(led11-Pad2)")
    (add_net "Net-(led12-Pad2)")
    (add_net "Net-(led13-Pad2)")
    (add_net "Net-(led14-Pad2)")
    (add_net "Net-(led15-Pad2)")
    (add_net "Net-(led2-Pad2)")
    (add_net "Net-(led3-Pad2)")
    (add_net "Net-(led4-Pad2)")
    (add_net "Net-(led5-Pad2)")
    (add_net "Net-(led6-Pad2)")
    (add_net "Net-(led7-Pad2)")
  )

  (net_class power ""
    (clearance 0.2)
    (trace_width 0.4)
    (via_dia 0.7)
    (via_drill 0.5)
    (uvia_dia 0.3)
    (uvia_drill 0.1)
    (add_net +5V)
    (add_net Earth)
  )

  (module Diodes_SMD:SOD-123 (layer F.Cu) (tedit 5530FCB9) (tstamp 58AD773E)
    (at 86.599213 218.002207 90)
    (descr SOD-123)
    (tags SOD-123)
    (path /584843A7/584758B9/58475F77)
    (attr smd)
    (fp_text reference D18 (at -13.747793 8.900787 90) (layer F.SilkS)
      (effects (font (size 1 1) (thickness 0.15)))
    )
    (fp_text value D (at 0 2.1 90) (layer F.Fab)
      (effects (font (size 1 1) (thickness 0.15)))
    )
    (fp_line (start -2 -0.9) (end 1.54 -0.9) (layer F.SilkS) (width 0.15))
    (fp_line (start -2 0.9) (end 1.54 0.9) (layer F.SilkS) (width 0.15))
    (fp_line (start -2.25 -1.05) (end -2.25 1.05) (layer F.CrtYd) (width 0.05))
    (fp_line (start 2.25 1.05) (end -2.25 1.05) (layer F.CrtYd) (width 0.05))
    (fp_line (start 2.25 -1.05) (end 2.25 1.05) (layer F.CrtYd) (width 0.05))
    (fp_line (start -2.25 -1.05) (end 2.25 -1.05) (layer F.CrtYd) (width 0.05))
    (fp_line (start -0.3175 -0.508) (end -0.3175 0.508) (layer F.SilkS) (width 0.15))
    (fp_line (start 0.3175 0.381) (end -0.3175 0) (layer F.SilkS) (width 0.15))
    (fp_line (start 0.3175 -0.381) (end 0.3175 0.381) (layer F.SilkS) (width 0.15))
    (fp_line (start -0.3175 0) (end 0.3175 -0.381) (layer F.SilkS) (width 0.15))
    (fp_line (start -0.6985 0) (end -0.3175 0) (layer F.SilkS) (width 0.15))
    (fp_line (start 0.3175 0) (end 0.6985 0) (layer F.SilkS) (width 0.15))
    (pad 2 smd rect (at 1.635 0 90) (size 0.91 1.22) (layers F.Cu F.Paste F.Mask)
      (net 96 "Net-(D18-Pad2)"))
    (pad 1 smd rect (at -1.635 0 90) (size 0.91 1.22) (layers F.Cu F.Paste F.Mask)
      (net 97 "/right keys/thumb/row4"))
  )

  (module Pin_Headers:Pin_Header_Straight_1x06 (layer F.Cu) (tedit 0) (tstamp 58AD7837)
    (at 100.679213 224.002207 270)
    (descr "Through hole pin header")
    (tags "pin header")
    (path /584843A7/584758B9/58AC5563)
    (fp_text reference P16 (at 16.747793 2.929213 270) (layer F.SilkS)
      (effects (font (size 1 1) (thickness 0.15)))
    )
    (fp_text value CONN_01X06 (at 0 -3.1 270) (layer F.Fab)
      (effects (font (size 1 1) (thickness 0.15)))
    )
    (fp_line (start -1.75 -1.75) (end -1.75 14.45) (layer F.CrtYd) (width 0.05))
    (fp_line (start 1.75 -1.75) (end 1.75 14.45) (layer F.CrtYd) (width 0.05))
    (fp_line (start -1.75 -1.75) (end 1.75 -1.75) (layer F.CrtYd) (width 0.05))
    (fp_line (start -1.75 14.45) (end 1.75 14.45) (layer F.CrtYd) (width 0.05))
    (fp_line (start 1.27 1.27) (end 1.27 13.97) (layer F.SilkS) (width 0.15))
    (fp_line (start 1.27 13.97) (end -1.27 13.97) (layer F.SilkS) (width 0.15))
    (fp_line (start -1.27 13.97) (end -1.27 1.27) (layer F.SilkS) (width 0.15))
    (fp_line (start 1.55 -1.55) (end 1.55 0) (layer F.SilkS) (width 0.15))
    (fp_line (start 1.27 1.27) (end -1.27 1.27) (layer F.SilkS) (width 0.15))
    (fp_line (start -1.55 0) (end -1.55 -1.55) (layer F.SilkS) (width 0.15))
    (fp_line (start -1.55 -1.55) (end 1.55 -1.55) (layer F.SilkS) (width 0.15))
    (pad 1 thru_hole rect (at 0 0 270) (size 2.032 1.7272) (drill 1.016) (layers *.Cu *.Mask F.SilkS)
      (net 90 "/right keys/thumb/row1"))
    (pad 2 thru_hole oval (at 0 2.54 270) (size 2.032 1.7272) (drill 1.016) (layers *.Cu *.Mask F.SilkS)
      (net 93 "/right keys/thumb/row2"))
    (pad 3 thru_hole oval (at 0 5.08 270) (size 2.032 1.7272) (drill 1.016) (layers *.Cu *.Mask F.SilkS)
      (net 94 "/right keys/thumb/row3"))
    (pad 4 thru_hole oval (at 0 7.62 270) (size 2.032 1.7272) (drill 1.016) (layers *.Cu *.Mask F.SilkS)
      (net 97 "/right keys/thumb/row4"))
    (pad 5 thru_hole oval (at 0 10.16 270) (size 2.032 1.7272) (drill 1.016) (layers *.Cu *.Mask F.SilkS)
      (net 102 "/right keys/thumb/col1"))
    (pad 6 thru_hole oval (at 0 12.7 270) (size 2.032 1.7272) (drill 1.016) (layers *.Cu *.Mask F.SilkS)
      (net 103 "/right keys/thumb/col2"))
    (model Pin_Headers.3dshapes/Pin_Header_Straight_1x06.wrl
      (at (xyz 0 -0.25 0))
      (scale (xyz 1 1 1))
      (rotate (xyz 0 0 90))
    )
  )

  (module Diodes_SMD:SOD-123 (layer F.Cu) (tedit 5530FCB9) (tstamp 58AD7750)
    (at 84.5 202.002207 90)
    (descr SOD-123)
    (tags SOD-123)
    (path /584843A7/584758B9/58475F2A)
    (attr smd)
    (fp_text reference D19 (at -34.997793 10.25 90) (layer F.SilkS)
      (effects (font (size 1 1) (thickness 0.15)))
    )
    (fp_text value D (at 0 2.1 90) (layer F.Fab)
      (effects (font (size 1 1) (thickness 0.15)))
    )
    (fp_line (start 0.3175 0) (end 0.6985 0) (layer F.SilkS) (width 0.15))
    (fp_line (start -0.6985 0) (end -0.3175 0) (layer F.SilkS) (width 0.15))
    (fp_line (start -0.3175 0) (end 0.3175 -0.381) (layer F.SilkS) (width 0.15))
    (fp_line (start 0.3175 -0.381) (end 0.3175 0.381) (layer F.SilkS) (width 0.15))
    (fp_line (start 0.3175 0.381) (end -0.3175 0) (layer F.SilkS) (width 0.15))
    (fp_line (start -0.3175 -0.508) (end -0.3175 0.508) (layer F.SilkS) (width 0.15))
    (fp_line (start -2.25 -1.05) (end 2.25 -1.05) (layer F.CrtYd) (width 0.05))
    (fp_line (start 2.25 -1.05) (end 2.25 1.05) (layer F.CrtYd) (width 0.05))
    (fp_line (start 2.25 1.05) (end -2.25 1.05) (layer F.CrtYd) (width 0.05))
    (fp_line (start -2.25 -1.05) (end -2.25 1.05) (layer F.CrtYd) (width 0.05))
    (fp_line (start -2 0.9) (end 1.54 0.9) (layer F.SilkS) (width 0.15))
    (fp_line (start -2 -0.9) (end 1.54 -0.9) (layer F.SilkS) (width 0.15))
    (pad 1 smd rect (at -1.635 0 90) (size 0.91 1.22) (layers F.Cu F.Paste F.Mask)
      (net 90 "/right keys/thumb/row1"))
    (pad 2 smd rect (at 1.635 0 90) (size 0.91 1.22) (layers F.Cu F.Paste F.Mask)
      (net 98 "Net-(D19-Pad2)"))
  )

  (module Diodes_SMD:SOD-123 (layer F.Cu) (tedit 58AD5F23) (tstamp 58AD7762)
    (at 104.75 202 90)
    (descr SOD-123)
    (tags SOD-123)
    (path /584843A7/584758B9/58475F31)
    (attr smd)
    (fp_text reference D20 (at -37.25 -6 90) (layer F.SilkS) hide
      (effects (font (size 1 1) (thickness 0.15)))
    )
    (fp_text value D (at 0 2.1 90) (layer F.Fab)
      (effects (font (size 1 1) (thickness 0.15)))
    )
    (fp_line (start -2 -0.9) (end 1.54 -0.9) (layer F.SilkS) (width 0.15))
    (fp_line (start -2 0.9) (end 1.54 0.9) (layer F.SilkS) (width 0.15))
    (fp_line (start -2.25 -1.05) (end -2.25 1.05) (layer F.CrtYd) (width 0.05))
    (fp_line (start 2.25 1.05) (end -2.25 1.05) (layer F.CrtYd) (width 0.05))
    (fp_line (start 2.25 -1.05) (end 2.25 1.05) (layer F.CrtYd) (width 0.05))
    (fp_line (start -2.25 -1.05) (end 2.25 -1.05) (layer F.CrtYd) (width 0.05))
    (fp_line (start -0.3175 -0.508) (end -0.3175 0.508) (layer F.SilkS) (width 0.15))
    (fp_line (start 0.3175 0.381) (end -0.3175 0) (layer F.SilkS) (width 0.15))
    (fp_line (start 0.3175 -0.381) (end 0.3175 0.381) (layer F.SilkS) (width 0.15))
    (fp_line (start -0.3175 0) (end 0.3175 -0.381) (layer F.SilkS) (width 0.15))
    (fp_line (start -0.6985 0) (end -0.3175 0) (layer F.SilkS) (width 0.15))
    (fp_line (start 0.3175 0) (end 0.6985 0) (layer F.SilkS) (width 0.15))
    (pad 2 smd rect (at 1.635 0 90) (size 0.91 1.22) (layers F.Cu F.Paste F.Mask)
      (net 99 "Net-(D20-Pad2)"))
    (pad 1 smd rect (at -1.635 0 90) (size 0.91 1.22) (layers F.Cu F.Paste F.Mask)
      (net 93 "/right keys/thumb/row2"))
  )

  (module Mounting_Holes:MountingHole_4mm (layer F.Cu) (tedit 0) (tstamp 58AD783D)
    (at 86.6 210 180)
    (descr "Mounting hole, Befestigungsbohrung, 4mm, No Annular, Kein Restring,")
    (tags "Mounting hole, Befestigungsbohrung, 4mm, No Annular, Kein Restring,")
    (path /584843A7/584758B9/58AC54B4)
    (fp_text reference P17 (at -12.9 -28.25 180) (layer F.SilkS)
      (effects (font (size 1 1) (thickness 0.15)))
    )
    (fp_text value CONN_01X01 (at 0 5.99948 180) (layer F.Fab)
      (effects (font (size 1 1) (thickness 0.15)))
    )
    (fp_circle (center 0 0) (end 4 0) (layer Cmts.User) (width 0.381))
    (pad 1 thru_hole circle (at 0 0 180) (size 4 4) (drill 4) (layers))
  )

  (module "fp:alps 4way smt" (layer F.Cu) (tedit 584FC0EA) (tstamp 58AD786B)
    (at 94.599213 217.502207 180)
    (path /584843A7/584758B9/584EB528)
    (attr smd)
    (fp_text reference S1 (at -1.900787 -22.247793 180) (layer F.SilkS)
      (effects (font (size 1 1) (thickness 0.15)))
    )
    (fp_text value alps_4way (at 0 -6.6 180) (layer F.Fab)
      (effects (font (size 1 1) (thickness 0.15)))
    )
    (fp_line (start -5 -5) (end 5 -5) (layer F.SilkS) (width 0.15))
    (fp_line (start 5 -5) (end 5 5) (layer F.SilkS) (width 0.15))
    (fp_line (start 5 5) (end -5 5) (layer F.SilkS) (width 0.15))
    (fp_line (start -5 5) (end -5 -5) (layer F.SilkS) (width 0.15))
    (fp_circle (center 0 0) (end 2.3 2.2) (layer F.SilkS) (width 0.15))
    (fp_line (start -2 -2) (end 2 -2) (layer F.SilkS) (width 0.15))
    (fp_line (start 2 -2) (end 2 2) (layer F.SilkS) (width 0.15))
    (fp_line (start 2 2) (end -2 2) (layer F.SilkS) (width 0.15))
    (fp_line (start -2 2) (end -2 -2) (layer F.SilkS) (width 0.15))
    (pad 1 smd rect (at -5.1 -3.25 180) (size 1.4 1.5) (layers F.Cu F.Paste F.Mask)
      (net 91 "Net-(D15-Pad2)"))
    (pad 2 smd rect (at -5.1 0.45 180) (size 1.4 1.5) (layers F.Cu F.Paste F.Mask)
      (net 92 "Net-(D16-Pad2)"))
    (pad 3 smd rect (at -5.1 3.25 180) (size 1.4 1.5) (layers F.Cu F.Paste F.Mask)
      (net 95 "Net-(D17-Pad2)"))
    (pad 5 smd rect (at 5.1 0.45 180) (size 1.4 1.5) (layers F.Cu F.Paste F.Mask)
      (net 96 "Net-(D18-Pad2)"))
    (pad 6 smd rect (at 5.1 -3.25 180) (size 1.4 1.5) (layers F.Cu F.Paste F.Mask))
    (pad 4 smd rect (at 5.1 3.25 180) (size 1.4 1.5) (layers F.Cu F.Paste F.Mask)
      (net 102 "/right keys/thumb/col1"))
  )

  (module Diodes_SMD:SOD-123 (layer F.Cu) (tedit 5530FCB9) (tstamp 58AD7774)
    (at 102.599213 202.002207 90)
    (descr SOD-123)
    (tags SOD-123)
    (path /584843A7/584758B9/58475F38)
    (attr smd)
    (fp_text reference D21 (at -35.997793 -2.349213 90) (layer F.SilkS)
      (effects (font (size 1 1) (thickness 0.15)))
    )
    (fp_text value D (at 0 2.1 90) (layer F.Fab)
      (effects (font (size 1 1) (thickness 0.15)))
    )
    (fp_line (start 0.3175 0) (end 0.6985 0) (layer F.SilkS) (width 0.15))
    (fp_line (start -0.6985 0) (end -0.3175 0) (layer F.SilkS) (width 0.15))
    (fp_line (start -0.3175 0) (end 0.3175 -0.381) (layer F.SilkS) (width 0.15))
    (fp_line (start 0.3175 -0.381) (end 0.3175 0.381) (layer F.SilkS) (width 0.15))
    (fp_line (start 0.3175 0.381) (end -0.3175 0) (layer F.SilkS) (width 0.15))
    (fp_line (start -0.3175 -0.508) (end -0.3175 0.508) (layer F.SilkS) (width 0.15))
    (fp_line (start -2.25 -1.05) (end 2.25 -1.05) (layer F.CrtYd) (width 0.05))
    (fp_line (start 2.25 -1.05) (end 2.25 1.05) (layer F.CrtYd) (width 0.05))
    (fp_line (start 2.25 1.05) (end -2.25 1.05) (layer F.CrtYd) (width 0.05))
    (fp_line (start -2.25 -1.05) (end -2.25 1.05) (layer F.CrtYd) (width 0.05))
    (fp_line (start -2 0.9) (end 1.54 0.9) (layer F.SilkS) (width 0.15))
    (fp_line (start -2 -0.9) (end 1.54 -0.9) (layer F.SilkS) (width 0.15))
    (pad 1 smd rect (at -1.635 0 90) (size 0.91 1.22) (layers F.Cu F.Paste F.Mask)
      (net 94 "/right keys/thumb/row3"))
    (pad 2 smd rect (at 1.635 0 90) (size 0.91 1.22) (layers F.Cu F.Paste F.Mask)
      (net 100 "Net-(D21-Pad2)"))
  )

  (module Diodes_SMD:SOD-123 (layer F.Cu) (tedit 5530FCB9) (tstamp 58AD7786)
    (at 86.599213 202.002207 90)
    (descr SOD-123)
    (tags SOD-123)
    (path /584843A7/584758B9/58475F3F)
    (attr smd)
    (fp_text reference D22 (at -35.997793 11.900787 90) (layer F.SilkS)
      (effects (font (size 1 1) (thickness 0.15)))
    )
    (fp_text value D (at 0 2.1 90) (layer F.Fab)
      (effects (font (size 1 1) (thickness 0.15)))
    )
    (fp_line (start 0.3175 0) (end 0.6985 0) (layer F.SilkS) (width 0.15))
    (fp_line (start -0.6985 0) (end -0.3175 0) (layer F.SilkS) (width 0.15))
    (fp_line (start -0.3175 0) (end 0.3175 -0.381) (layer F.SilkS) (width 0.15))
    (fp_line (start 0.3175 -0.381) (end 0.3175 0.381) (layer F.SilkS) (width 0.15))
    (fp_line (start 0.3175 0.381) (end -0.3175 0) (layer F.SilkS) (width 0.15))
    (fp_line (start -0.3175 -0.508) (end -0.3175 0.508) (layer F.SilkS) (width 0.15))
    (fp_line (start -2.25 -1.05) (end 2.25 -1.05) (layer F.CrtYd) (width 0.05))
    (fp_line (start 2.25 -1.05) (end 2.25 1.05) (layer F.CrtYd) (width 0.05))
    (fp_line (start 2.25 1.05) (end -2.25 1.05) (layer F.CrtYd) (width 0.05))
    (fp_line (start -2.25 -1.05) (end -2.25 1.05) (layer F.CrtYd) (width 0.05))
    (fp_line (start -2 0.9) (end 1.54 0.9) (layer F.SilkS) (width 0.15))
    (fp_line (start -2 -0.9) (end 1.54 -0.9) (layer F.SilkS) (width 0.15))
    (pad 1 smd rect (at -1.635 0 90) (size 0.91 1.22) (layers F.Cu F.Paste F.Mask)
      (net 97 "/right keys/thumb/row4"))
    (pad 2 smd rect (at 1.635 0 90) (size 0.91 1.22) (layers F.Cu F.Paste F.Mask)
      (net 101 "Net-(D22-Pad2)"))
  )

  (module Mounting_Holes:MountingHole_4mm (layer F.Cu) (tedit 0) (tstamp 58AD781C)
    (at 102.55 210 180)
    (descr "Mounting hole, Befestigungsbohrung, 4mm, No Annular, Kein Restring,")
    (tags "Mounting hole, Befestigungsbohrung, 4mm, No Annular, Kein Restring,")
    (path /584843A7/584758B9/58540BD4)
    (fp_text reference P13 (at 6.55 -25 180) (layer F.SilkS)
      (effects (font (size 1 1) (thickness 0.15)))
    )
    (fp_text value CONN_01X01 (at 0 5.99948 180) (layer F.Fab)
      (effects (font (size 1 1) (thickness 0.15)))
    )
    (fp_circle (center 0 0) (end 4 0) (layer Cmts.User) (width 0.381))
    (pad 1 thru_hole circle (at 0 0 180) (size 4 4) (drill 4) (layers))
  )

  (module Fiducials:Fiducial_1mm_Dia_2.54mm_Outer_CopperTop (layer F.Cu) (tedit 0) (tstamp 58B57A1F)
    (at 85.85 221.96)
    (descr "Circular Fiducial, 1mm bare copper top; 2.54mm keepout")
    (tags marker)
    (attr virtual)
    (fp_text reference REF** (at 4.15 7.04) (layer F.SilkS)
      (effects (font (size 1 1) (thickness 0.15)))
    )
    (fp_text value Fiducial_1mm_Dia_2.54mm_Outer_CopperTop (at 0 -1.8) (layer F.Fab)
      (effects (font (size 1 1) (thickness 0.15)))
    )
    (fp_circle (center 0 0) (end 1.55 0) (layer F.CrtYd) (width 0.05))
    (pad ~ smd circle (at 0 0) (size 1 1) (layers F.Cu F.Mask)
      (solder_mask_margin 0.77) (clearance 0.77))
  )

  (module Diodes_SMD:SOD-123 (layer F.Cu) (tedit 5530FCB9) (tstamp 58AD7708)
    (at 102.599213 218.002207 90)
    (descr SOD-123)
    (tags SOD-123)
    (path /584843A7/584758B9/58475F62)
    (attr smd)
    (fp_text reference D15 (at -27.497793 -4.599213 90) (layer F.SilkS)
      (effects (font (size 1 1) (thickness 0.15)))
    )
    (fp_text value D (at 0 2.1 90) (layer F.Fab)
      (effects (font (size 1 1) (thickness 0.15)))
    )
    (fp_line (start 0.3175 0) (end 0.6985 0) (layer F.SilkS) (width 0.15))
    (fp_line (start -0.6985 0) (end -0.3175 0) (layer F.SilkS) (width 0.15))
    (fp_line (start -0.3175 0) (end 0.3175 -0.381) (layer F.SilkS) (width 0.15))
    (fp_line (start 0.3175 -0.381) (end 0.3175 0.381) (layer F.SilkS) (width 0.15))
    (fp_line (start 0.3175 0.381) (end -0.3175 0) (layer F.SilkS) (width 0.15))
    (fp_line (start -0.3175 -0.508) (end -0.3175 0.508) (layer F.SilkS) (width 0.15))
    (fp_line (start -2.25 -1.05) (end 2.25 -1.05) (layer F.CrtYd) (width 0.05))
    (fp_line (start 2.25 -1.05) (end 2.25 1.05) (layer F.CrtYd) (width 0.05))
    (fp_line (start 2.25 1.05) (end -2.25 1.05) (layer F.CrtYd) (width 0.05))
    (fp_line (start -2.25 -1.05) (end -2.25 1.05) (layer F.CrtYd) (width 0.05))
    (fp_line (start -2 0.9) (end 1.54 0.9) (layer F.SilkS) (width 0.15))
    (fp_line (start -2 -0.9) (end 1.54 -0.9) (layer F.SilkS) (width 0.15))
    (pad 1 smd rect (at -1.635 0 90) (size 0.91 1.22) (layers F.Cu F.Paste F.Mask)
      (net 90 "/right keys/thumb/row1"))
    (pad 2 smd rect (at 1.635 0 90) (size 0.91 1.22) (layers F.Cu F.Paste F.Mask)
      (net 91 "Net-(D15-Pad2)"))
  )

  (module Diodes_SMD:SOD-123 (layer F.Cu) (tedit 5530FCB9) (tstamp 58AD771A)
    (at 104.75 218 90)
    (descr SOD-123)
    (tags SOD-123)
    (path /584843A7/584758B9/58475F69)
    (attr smd)
    (fp_text reference D16 (at -20.25 -9.25 90) (layer F.SilkS)
      (effects (font (size 1 1) (thickness 0.15)))
    )
    (fp_text value D (at 0 2.1 90) (layer F.Fab)
      (effects (font (size 1 1) (thickness 0.15)))
    )
    (fp_line (start -2 -0.9) (end 1.54 -0.9) (layer F.SilkS) (width 0.15))
    (fp_line (start -2 0.9) (end 1.54 0.9) (layer F.SilkS) (width 0.15))
    (fp_line (start -2.25 -1.05) (end -2.25 1.05) (layer F.CrtYd) (width 0.05))
    (fp_line (start 2.25 1.05) (end -2.25 1.05) (layer F.CrtYd) (width 0.05))
    (fp_line (start 2.25 -1.05) (end 2.25 1.05) (layer F.CrtYd) (width 0.05))
    (fp_line (start -2.25 -1.05) (end 2.25 -1.05) (layer F.CrtYd) (width 0.05))
    (fp_line (start -0.3175 -0.508) (end -0.3175 0.508) (layer F.SilkS) (width 0.15))
    (fp_line (start 0.3175 0.381) (end -0.3175 0) (layer F.SilkS) (width 0.15))
    (fp_line (start 0.3175 -0.381) (end 0.3175 0.381) (layer F.SilkS) (width 0.15))
    (fp_line (start -0.3175 0) (end 0.3175 -0.381) (layer F.SilkS) (width 0.15))
    (fp_line (start -0.6985 0) (end -0.3175 0) (layer F.SilkS) (width 0.15))
    (fp_line (start 0.3175 0) (end 0.6985 0) (layer F.SilkS) (width 0.15))
    (pad 2 smd rect (at 1.635 0 90) (size 0.91 1.22) (layers F.Cu F.Paste F.Mask)
      (net 92 "Net-(D16-Pad2)"))
    (pad 1 smd rect (at -1.635 0 90) (size 0.91 1.22) (layers F.Cu F.Paste F.Mask)
      (net 93 "/right keys/thumb/row2"))
  )

  (module Diodes_SMD:SOD-123 (layer F.Cu) (tedit 5530FCB9) (tstamp 58AD772C)
    (at 84.5 218 90)
    (descr SOD-123)
    (tags SOD-123)
    (path /584843A7/584758B9/58475F70)
    (attr smd)
    (fp_text reference D17 (at -20 13.25 90) (layer F.SilkS)
      (effects (font (size 1 1) (thickness 0.15)))
    )
    (fp_text value D (at 0 2.1 90) (layer F.Fab)
      (effects (font (size 1 1) (thickness 0.15)))
    )
    (fp_line (start 0.3175 0) (end 0.6985 0) (layer F.SilkS) (width 0.15))
    (fp_line (start -0.6985 0) (end -0.3175 0) (layer F.SilkS) (width 0.15))
    (fp_line (start -0.3175 0) (end 0.3175 -0.381) (layer F.SilkS) (width 0.15))
    (fp_line (start 0.3175 -0.381) (end 0.3175 0.381) (layer F.SilkS) (width 0.15))
    (fp_line (start 0.3175 0.381) (end -0.3175 0) (layer F.SilkS) (width 0.15))
    (fp_line (start -0.3175 -0.508) (end -0.3175 0.508) (layer F.SilkS) (width 0.15))
    (fp_line (start -2.25 -1.05) (end 2.25 -1.05) (layer F.CrtYd) (width 0.05))
    (fp_line (start 2.25 -1.05) (end 2.25 1.05) (layer F.CrtYd) (width 0.05))
    (fp_line (start 2.25 1.05) (end -2.25 1.05) (layer F.CrtYd) (width 0.05))
    (fp_line (start -2.25 -1.05) (end -2.25 1.05) (layer F.CrtYd) (width 0.05))
    (fp_line (start -2 0.9) (end 1.54 0.9) (layer F.SilkS) (width 0.15))
    (fp_line (start -2 -0.9) (end 1.54 -0.9) (layer F.SilkS) (width 0.15))
    (pad 1 smd rect (at -1.635 0 90) (size 0.91 1.22) (layers F.Cu F.Paste F.Mask)
      (net 94 "/right keys/thumb/row3"))
    (pad 2 smd rect (at 1.635 0 90) (size 0.91 1.22) (layers F.Cu F.Paste F.Mask)
      (net 95 "Net-(D17-Pad2)"))
  )

  (module "fp:alps 4way smt" (layer F.Cu) (tedit 58AD5F20) (tstamp 58AD787E)
    (at 94.599213 202.502207 180)
    (path /584843A7/584758B9/584EB5AE)
    (attr smd)
    (fp_text reference S2 (at 0.599213 -38.747793 180) (layer F.SilkS) hide
      (effects (font (size 1 1) (thickness 0.15)))
    )
    (fp_text value alps_4way (at 0 -6.6 180) (layer F.Fab)
      (effects (font (size 1 1) (thickness 0.15)))
    )
    (fp_line (start -2 2) (end -2 -2) (layer F.SilkS) (width 0.15))
    (fp_line (start 2 2) (end -2 2) (layer F.SilkS) (width 0.15))
    (fp_line (start 2 -2) (end 2 2) (layer F.SilkS) (width 0.15))
    (fp_line (start -2 -2) (end 2 -2) (layer F.SilkS) (width 0.15))
    (fp_circle (center 0 0) (end 2.3 2.2) (layer F.SilkS) (width 0.15))
    (fp_line (start -5 5) (end -5 -5) (layer F.SilkS) (width 0.15))
    (fp_line (start 5 5) (end -5 5) (layer F.SilkS) (width 0.15))
    (fp_line (start 5 -5) (end 5 5) (layer F.SilkS) (width 0.15))
    (fp_line (start -5 -5) (end 5 -5) (layer F.SilkS) (width 0.15))
    (pad 4 smd rect (at 5.1 3.25 180) (size 1.4 1.5) (layers F.Cu F.Paste F.Mask)
      (net 103 "/right keys/thumb/col2"))
    (pad 6 smd rect (at 5.1 -3.25 180) (size 1.4 1.5) (layers F.Cu F.Paste F.Mask))
    (pad 5 smd rect (at 5.1 0.45 180) (size 1.4 1.5) (layers F.Cu F.Paste F.Mask)
      (net 101 "Net-(D22-Pad2)"))
    (pad 3 smd rect (at -5.1 3.25 180) (size 1.4 1.5) (layers F.Cu F.Paste F.Mask)
      (net 100 "Net-(D21-Pad2)"))
    (pad 2 smd rect (at -5.1 0.45 180) (size 1.4 1.5) (layers F.Cu F.Paste F.Mask)
      (net 99 "Net-(D20-Pad2)"))
    (pad 1 smd rect (at -5.1 -3.25 180) (size 1.4 1.5) (layers F.Cu F.Paste F.Mask)
      (net 98 "Net-(D19-Pad2)"))
  )

  (module Fiducials:Fiducial_1mm_Dia_2.54mm_Outer_CopperTop (layer F.Cu) (tedit 0) (tstamp 58B57A1D)
    (at 93.925 210.1)
    (descr "Circular Fiducial, 1mm bare copper top; 2.54mm keepout")
    (tags marker)
    (attr virtual)
    (fp_text reference REF** (at 0.975 -15.55) (layer F.SilkS)
      (effects (font (size 1 1) (thickness 0.15)))
    )
    (fp_text value Fiducial_1mm_Dia_2.54mm_Outer_CopperTop (at 0 -1.8) (layer F.Fab)
      (effects (font (size 1 1) (thickness 0.15)))
    )
    (fp_circle (center 0 0) (end 1.55 0) (layer F.CrtYd) (width 0.05))
    (pad ~ smd circle (at 0 0) (size 1 1) (layers F.Cu F.Mask)
      (solder_mask_margin 0.77) (clearance 0.77))
  )

  (module Diodes_SMD:SOD-123 (layer F.Cu) (tedit 58B59813) (tstamp 58B57AB7)
    (at 202.199213 111.542207 90)
    (descr SOD-123)
    (tags SOD-123)
    (path /584843A7/584758B9/58475F3F)
    (attr smd)
    (fp_text reference D44 (at -35.997793 11.900787 90) (layer F.SilkS)
      (effects (font (size 1 1) (thickness 0.15)))
    )
    (fp_text value D (at 0 2.1 90) (layer F.Fab)
      (effects (font (size 1 1) (thickness 0.15)))
    )
    (fp_line (start -2 -0.9) (end 1.54 -0.9) (layer F.SilkS) (width 0.15))
    (fp_line (start -2 0.9) (end 1.54 0.9) (layer F.SilkS) (width 0.15))
    (fp_line (start -2.25 -1.05) (end -2.25 1.05) (layer F.CrtYd) (width 0.05))
    (fp_line (start 2.25 1.05) (end -2.25 1.05) (layer F.CrtYd) (width 0.05))
    (fp_line (start 2.25 -1.05) (end 2.25 1.05) (layer F.CrtYd) (width 0.05))
    (fp_line (start -2.25 -1.05) (end 2.25 -1.05) (layer F.CrtYd) (width 0.05))
    (fp_line (start -0.3175 -0.508) (end -0.3175 0.508) (layer F.SilkS) (width 0.15))
    (fp_line (start 0.3175 0.381) (end -0.3175 0) (layer F.SilkS) (width 0.15))
    (fp_line (start 0.3175 -0.381) (end 0.3175 0.381) (layer F.SilkS) (width 0.15))
    (fp_line (start -0.3175 0) (end 0.3175 -0.381) (layer F.SilkS) (width 0.15))
    (fp_line (start -0.6985 0) (end -0.3175 0) (layer F.SilkS) (width 0.15))
    (fp_line (start 0.3175 0) (end 0.6985 0) (layer F.SilkS) (width 0.15))
    (pad 2 smd rect (at 1.635 0 90) (size 0.91 1.22) (layers F.Cu F.Paste F.Mask)
      (net 101 "Net-(D22-Pad2)"))
    (pad 1 smd rect (at -1.635 0 90) (size 0.91 1.22) (layers F.Cu F.Paste F.Mask)
      (net 97 "/right keys/thumb/row4"))
  )

  (module Diodes_SMD:SOD-123 (layer F.Cu) (tedit 58B5984A) (tstamp 58B57AA6)
    (at 220.35 111.54 90)
    (descr SOD-123)
    (tags SOD-123)
    (path /584843A7/584758B9/58475F31)
    (attr smd)
    (fp_text reference D42 (at -37.25 -6 90) (layer F.SilkS) hide
      (effects (font (size 1 1) (thickness 0.15)))
    )
    (fp_text value D (at 0 2.1 90) (layer F.Fab)
      (effects (font (size 1 1) (thickness 0.15)))
    )
    (fp_line (start 0.3175 0) (end 0.6985 0) (layer F.SilkS) (width 0.15))
    (fp_line (start -0.6985 0) (end -0.3175 0) (layer F.SilkS) (width 0.15))
    (fp_line (start -0.3175 0) (end 0.3175 -0.381) (layer F.SilkS) (width 0.15))
    (fp_line (start 0.3175 -0.381) (end 0.3175 0.381) (layer F.SilkS) (width 0.15))
    (fp_line (start 0.3175 0.381) (end -0.3175 0) (layer F.SilkS) (width 0.15))
    (fp_line (start -0.3175 -0.508) (end -0.3175 0.508) (layer F.SilkS) (width 0.15))
    (fp_line (start -2.25 -1.05) (end 2.25 -1.05) (layer F.CrtYd) (width 0.05))
    (fp_line (start 2.25 -1.05) (end 2.25 1.05) (layer F.CrtYd) (width 0.05))
    (fp_line (start 2.25 1.05) (end -2.25 1.05) (layer F.CrtYd) (width 0.05))
    (fp_line (start -2.25 -1.05) (end -2.25 1.05) (layer F.CrtYd) (width 0.05))
    (fp_line (start -2 0.9) (end 1.54 0.9) (layer F.SilkS) (width 0.15))
    (fp_line (start -2 -0.9) (end 1.54 -0.9) (layer F.SilkS) (width 0.15))
    (pad 1 smd rect (at -1.635 0 90) (size 0.91 1.22) (layers F.Cu F.Paste F.Mask)
      (net 93 "/right keys/thumb/row2"))
    (pad 2 smd rect (at 1.635 0 90) (size 0.91 1.22) (layers F.Cu F.Paste F.Mask)
      (net 99 "Net-(D20-Pad2)"))
  )

  (module Fiducials:Fiducial_1mm_Dia_2.54mm_Outer_CopperTop (layer F.Cu) (tedit 0) (tstamp 58B57B8D)
    (at 209.575 119.775)
    (descr "Circular Fiducial, 1mm bare copper top; 2.54mm keepout")
    (tags marker)
    (attr virtual)
    (fp_text reference REF** (at 4.05 22.85) (layer F.SilkS)
      (effects (font (size 1 1) (thickness 0.15)))
    )
    (fp_text value Fiducial_1mm_Dia_2.54mm_Outer_CopperTop (at 0 -1.8) (layer F.Fab)
      (effects (font (size 1 1) (thickness 0.15)))
    )
    (fp_circle (center 0 0) (end 1.55 0) (layer F.CrtYd) (width 0.05))
    (pad ~ smd circle (at 0 0) (size 1 1) (layers F.Cu F.Mask)
      (solder_mask_margin 0.77) (clearance 0.77))
  )

  (module Diodes_SMD:SOD-123 (layer F.Cu) (tedit 58B5987D) (tstamp 58B57A7E)
    (at 220.35 127.54 90)
    (descr SOD-123)
    (tags SOD-123)
    (path /584843A7/584758B9/58475F69)
    (attr smd)
    (fp_text reference D38 (at -20.25 -9.25 90) (layer F.SilkS)
      (effects (font (size 1 1) (thickness 0.15)))
    )
    (fp_text value D (at 0 2.1 90) (layer F.Fab)
      (effects (font (size 1 1) (thickness 0.15)))
    )
    (fp_line (start 0.3175 0) (end 0.6985 0) (layer F.SilkS) (width 0.15))
    (fp_line (start -0.6985 0) (end -0.3175 0) (layer F.SilkS) (width 0.15))
    (fp_line (start -0.3175 0) (end 0.3175 -0.381) (layer F.SilkS) (width 0.15))
    (fp_line (start 0.3175 -0.381) (end 0.3175 0.381) (layer F.SilkS) (width 0.15))
    (fp_line (start 0.3175 0.381) (end -0.3175 0) (layer F.SilkS) (width 0.15))
    (fp_line (start -0.3175 -0.508) (end -0.3175 0.508) (layer F.SilkS) (width 0.15))
    (fp_line (start -2.25 -1.05) (end 2.25 -1.05) (layer F.CrtYd) (width 0.05))
    (fp_line (start 2.25 -1.05) (end 2.25 1.05) (layer F.CrtYd) (width 0.05))
    (fp_line (start 2.25 1.05) (end -2.25 1.05) (layer F.CrtYd) (width 0.05))
    (fp_line (start -2.25 -1.05) (end -2.25 1.05) (layer F.CrtYd) (width 0.05))
    (fp_line (start -2 0.9) (end 1.54 0.9) (layer F.SilkS) (width 0.15))
    (fp_line (start -2 -0.9) (end 1.54 -0.9) (layer F.SilkS) (width 0.15))
    (pad 1 smd rect (at -1.635 0 90) (size 0.91 1.22) (layers F.Cu F.Paste F.Mask)
      (net 93 "/right keys/thumb/row2"))
    (pad 2 smd rect (at 1.635 0 90) (size 0.91 1.22) (layers F.Cu F.Paste F.Mask)
      (net 92 "Net-(D16-Pad2)"))
  )

  (module Diodes_SMD:SOD-123 (layer F.Cu) (tedit 58B59860) (tstamp 58B57B01)
    (at 202.199213 127.542207 90)
    (descr SOD-123)
    (tags SOD-123)
    (path /584843A7/584758B9/58475F77)
    (attr smd)
    (fp_text reference D40 (at -13.747793 8.900787 90) (layer F.SilkS)
      (effects (font (size 1 1) (thickness 0.15)))
    )
    (fp_text value D (at 0 2.1 90) (layer F.Fab)
      (effects (font (size 1 1) (thickness 0.15)))
    )
    (fp_line (start 0.3175 0) (end 0.6985 0) (layer F.SilkS) (width 0.15))
    (fp_line (start -0.6985 0) (end -0.3175 0) (layer F.SilkS) (width 0.15))
    (fp_line (start -0.3175 0) (end 0.3175 -0.381) (layer F.SilkS) (width 0.15))
    (fp_line (start 0.3175 -0.381) (end 0.3175 0.381) (layer F.SilkS) (width 0.15))
    (fp_line (start 0.3175 0.381) (end -0.3175 0) (layer F.SilkS) (width 0.15))
    (fp_line (start -0.3175 -0.508) (end -0.3175 0.508) (layer F.SilkS) (width 0.15))
    (fp_line (start -2.25 -1.05) (end 2.25 -1.05) (layer F.CrtYd) (width 0.05))
    (fp_line (start 2.25 -1.05) (end 2.25 1.05) (layer F.CrtYd) (width 0.05))
    (fp_line (start 2.25 1.05) (end -2.25 1.05) (layer F.CrtYd) (width 0.05))
    (fp_line (start -2.25 -1.05) (end -2.25 1.05) (layer F.CrtYd) (width 0.05))
    (fp_line (start -2 0.9) (end 1.54 0.9) (layer F.SilkS) (width 0.15))
    (fp_line (start -2 -0.9) (end 1.54 -0.9) (layer F.SilkS) (width 0.15))
    (pad 1 smd rect (at -1.635 0 90) (size 0.91 1.22) (layers F.Cu F.Paste F.Mask)
      (net 97 "/right keys/thumb/row4"))
    (pad 2 smd rect (at 1.635 0 90) (size 0.91 1.22) (layers F.Cu F.Paste F.Mask)
      (net 96 "Net-(D18-Pad2)"))
  )

  (module Diodes_SMD:SOD-123 (layer F.Cu) (tedit 58B59854) (tstamp 58B57B12)
    (at 200.1 127.54 90)
    (descr SOD-123)
    (tags SOD-123)
    (path /584843A7/584758B9/58475F70)
    (attr smd)
    (fp_text reference D39 (at -20 13.25 90) (layer F.SilkS)
      (effects (font (size 1 1) (thickness 0.15)))
    )
    (fp_text value D (at 0 2.1 90) (layer F.Fab)
      (effects (font (size 1 1) (thickness 0.15)))
    )
    (fp_line (start -2 -0.9) (end 1.54 -0.9) (layer F.SilkS) (width 0.15))
    (fp_line (start -2 0.9) (end 1.54 0.9) (layer F.SilkS) (width 0.15))
    (fp_line (start -2.25 -1.05) (end -2.25 1.05) (layer F.CrtYd) (width 0.05))
    (fp_line (start 2.25 1.05) (end -2.25 1.05) (layer F.CrtYd) (width 0.05))
    (fp_line (start 2.25 -1.05) (end 2.25 1.05) (layer F.CrtYd) (width 0.05))
    (fp_line (start -2.25 -1.05) (end 2.25 -1.05) (layer F.CrtYd) (width 0.05))
    (fp_line (start -0.3175 -0.508) (end -0.3175 0.508) (layer F.SilkS) (width 0.15))
    (fp_line (start 0.3175 0.381) (end -0.3175 0) (layer F.SilkS) (width 0.15))
    (fp_line (start 0.3175 -0.381) (end 0.3175 0.381) (layer F.SilkS) (width 0.15))
    (fp_line (start -0.3175 0) (end 0.3175 -0.381) (layer F.SilkS) (width 0.15))
    (fp_line (start -0.6985 0) (end -0.3175 0) (layer F.SilkS) (width 0.15))
    (fp_line (start 0.3175 0) (end 0.6985 0) (layer F.SilkS) (width 0.15))
    (pad 2 smd rect (at 1.635 0 90) (size 0.91 1.22) (layers F.Cu F.Paste F.Mask)
      (net 95 "Net-(D17-Pad2)"))
    (pad 1 smd rect (at -1.635 0 90) (size 0.91 1.22) (layers F.Cu F.Paste F.Mask)
      (net 94 "/right keys/thumb/row3"))
  )

  (module "fp:alps 4way smt" (layer F.Cu) (tedit 58B5982F) (tstamp 58B57A4A)
    (at 210.199213 112.042207 180)
    (path /584843A7/584758B9/584EB5AE)
    (attr smd)
    (fp_text reference S4 (at 0.599213 -38.747793 180) (layer F.SilkS) hide
      (effects (font (size 1 1) (thickness 0.15)))
    )
    (fp_text value alps_4way (at 0 -6.6 180) (layer F.Fab)
      (effects (font (size 1 1) (thickness 0.15)))
    )
    (fp_line (start -5 -5) (end 5 -5) (layer F.SilkS) (width 0.15))
    (fp_line (start 5 -5) (end 5 5) (layer F.SilkS) (width 0.15))
    (fp_line (start 5 5) (end -5 5) (layer F.SilkS) (width 0.15))
    (fp_line (start -5 5) (end -5 -5) (layer F.SilkS) (width 0.15))
    (fp_circle (center 0 0) (end 2.3 2.2) (layer F.SilkS) (width 0.15))
    (fp_line (start -2 -2) (end 2 -2) (layer F.SilkS) (width 0.15))
    (fp_line (start 2 -2) (end 2 2) (layer F.SilkS) (width 0.15))
    (fp_line (start 2 2) (end -2 2) (layer F.SilkS) (width 0.15))
    (fp_line (start -2 2) (end -2 -2) (layer F.SilkS) (width 0.15))
    (pad 1 smd rect (at -5.1 -3.25 180) (size 1.4 1.5) (layers F.Cu F.Paste F.Mask)
      (net 98 "Net-(D19-Pad2)"))
    (pad 2 smd rect (at -5.1 0.45 180) (size 1.4 1.5) (layers F.Cu F.Paste F.Mask)
      (net 99 "Net-(D20-Pad2)"))
    (pad 3 smd rect (at -5.1 3.25 180) (size 1.4 1.5) (layers F.Cu F.Paste F.Mask)
      (net 100 "Net-(D21-Pad2)"))
    (pad 5 smd rect (at 5.1 0.45 180) (size 1.4 1.5) (layers F.Cu F.Paste F.Mask)
      (net 101 "Net-(D22-Pad2)"))
    (pad 6 smd rect (at 5.1 -3.25 180) (size 1.4 1.5) (layers F.Cu F.Paste F.Mask))
    (pad 4 smd rect (at 5.1 3.25 180) (size 1.4 1.5) (layers F.Cu F.Paste F.Mask)
      (net 103 "/right keys/thumb/col2"))
  )

  (module Fiducials:Fiducial_1mm_Dia_2.54mm_Outer_CopperTop (layer F.Cu) (tedit 0) (tstamp 58B57B23)
    (at 201.45 131.5)
